  [ 0.284, 1.070 ],
  [ 0.319, 1.070 ],
  [ 0.336, 1.052 ],
  [ 0.345, 1.024 ],
  [ 0.354, 1.015 ],
  [ 0.371, 1.015 ],
  [ 0.388, 0.988 ],
  [ 0.415, 0.988 ],
  [ 0.450, 0.960 ],
  [ 0.493, 0.960 ],
  [ 0.502, 0.905 ],
  [ 0.511, 0.896 ],
  [ 0.537, 0.896 ],
  [ 0.537, 0.887 ],
  [ 0.502, 0.868 ],
  [ 0.441, 0.786 ],
  [ 0.441, 0.712 ],
  [ 0.450, 0.703 ],
  [ 0.450, 0.666 ],
  [ 0.467, 0.639 ],
  [ 0.467, 0.593 ],
  [ 0.450, 0.574 ],
  [ 0.458, 0.556 ],
  [ 0.450, 0.556 ],
  [ 0.423, 0.519 ],
  [ 0.415, 0.446 ],
  [ 0.371, 0.390 ],
  [ 0.354, 0.381 ],
  [ 0.345, 0.363 ],
  [ 0.354, 0.354 ],
  [ 0.354, 0.335 ],
  [ 0.327, 0.308 ],
  [ 0.327, 0.280 ],
  [ 0.345, 0.253 ],
  [ 0.319, 0.225 ],
  [ 0.319, 0.161 ],
  [ 0.301, 0.133 ],
  [ 0.301, 0.096 ],
  [ 0.284, 0.069 ],
  [ 0.275, -0.023 ],
  [ 0.266, -0.032 ],
  [ 0.266, -0.078 ],
  [ 0.257, -0.087 ],
  [ 0.249, -0.152 ],
  [ 0.240, -0.161 ],
  [ 0.240, -0.179 ],
  [ 0.223, -0.198 ],
  [ 0.223, -0.216 ],
  [ 0.205, -0.253 ],
  [ 0.205, -0.308 ],
  [ 0.179, -0.335 ],
  [ 0.161, -0.390 ],
  [ 0.135, -0.418 ],
  [ 0.135, -0.436 ],
  [ 0.092, -0.473 ],
  [ 0.083, -0.537 ],
  [ 0.031, -0.565 ],
  [ -0.013, -0.620 ],
  [ -0.013, -0.648 ],
  [ -0.039, -0.685 ],
  [ -0.048, -0.740 ],
  [ -0.074, -0.795 ],
  [ -0.074, -0.859 ],
  [ -0.065, -0.868 ],
  [ -0.074, -0.877 ],
  [ -0.074, -0.942 ],
  [ -0.065, -0.951 ],
  [ -0.074, -0.960 ],
  [ -0.074, -0.979 ],
  [ -0.065, -0.988 ],
  [ -0.074, -1.006 ],
  [ -0.100, -1.024 ],
  [ -0.092, -1.070 ],
  [ -0.100, -1.052 ],
  [ -0.135, -1.034 ],
  [ -0.153, -1.043 ],
  [ -0.153, -1.061 ],
  [ -0.161, -1.052 ],
  [ -0.161, -1.015 ],
  [ -0.179, -0.997 ],
  [ -0.161, -0.969 ],
  [ -0.170, -0.960 ],
  [ -0.161, -0.951 ],
  [ -0.161, -0.933 ],
  [ -0.179, -0.896 ],
  [ -0.179, -0.868 ],
  [ -0.196, -0.850 ],
  [ -0.196, -0.822 ],
  [ -0.249, -0.758 ],
  [ -0.275, -0.740 ],
  [ -0.292, -0.740 ],
  [ -0.327, -0.694 ],
  [ -0.336, -0.703 ],
  [ -0.362, -0.694 ],
  [ -0.415, -0.629 ],
  [ -0.423, -0.611 ],
  [ -0.415, -0.565 ],
  [ -0.441, -0.510 ],
  [ -0.450, -0.464 ],
  [ -0.458, -0.455 ],
  [ -0.458, -0.427 ],
  [ -0.476, -0.390 ],
  [ -0.502, -0.363 ],
  [ -0.528, -0.354 ],
  [ -0.537, -0.335 ],
  [ -0.537, -0.317 ],
  [ -0.511, -0.299 ],
  [ -0.519, -0.289 ],
  [ -0.519, -0.262 ],
  [ -0.511, -0.253 ],
  [ -0.511, -0.234 ],
  [ -0.493, -0.216 ],
  [ -0.502, -0.198 ],
  [ -0.493, -0.188 ],
  [ -0.493, -0.170 ],
  [ -0.476, -0.152 ],
  [ -0.476, -0.115 ],
  [ -0.484, -0.106 ],
  [ -0.484, -0.078 ],
  [ -0.493, -0.060 ],
  [ -0.476, -0.051 ],
  [ -0.484, -0.041 ],
  [ -0.484, 0.014 ],
  [ -0.467, 0.051 ],
  [ -0.467, 0.106 ],
  [ -0.450, 0.133 ],
  [ -0.432, 0.133 ],
  [ -0.415, 0.161 ],
  [ -0.397, 0.170 ],
  [ -0.380, 0.234 ],
  [ -0.327, 0.299 ],
  [ -0.345, 0.308 ],
  [ -0.345, 0.317 ],
  [ -0.327, 0.345 ],
  [ -0.310, 0.345 ],
  [ -0.301, 0.354 ],
  [ -0.284, 0.418 ],
  [ -0.249, 0.455 ],
  [ -0.231, 0.501 ],
  [ -0.188, 0.556 ],
  [ -0.161, 0.629 ],
  [ -0.153, 0.629 ],
  [ -0.127, 0.666 ],
  [ -0.109, 0.666 ],
  [ -0.057, 0.730 ],
  [ -0.048, 0.749 ],
  [ -0.057, 0.776 ],
  [ 0.004, 0.868 ],
  [ 0.004, 0.887 ],
  [ 0.031, 0.914 ],
  [ 0.065, 0.933 ],
  [ 0.083, 0.933 ],
  [ 0.127, 0.960 ],
  [ 0.188, 0.960 ],
  [ 0.223, 0.997 ],
  [ 0.240, 1.043 ],
  [ 0.284, 1.070 ],
